pyridoxal 5'-phospahte:
1295
1568
1570

FMN:
99
483
664
911
929
942
945
1330
1333


FAD/FADH2:
233
664
725
911
929
1014
1033
1390
1392

NAD(P)H:
10
34
58
89
90
91
93
94
95
96
97
98
107
108
109
110
117
118
119
120
121
127
131
132
133
134
135
136
137
138
139
172
182
183
189
194
195
196
197
198
207
208
209
210
212
214
219
260
268
269
282
283
287
288
331
332
333
339
356
358
364
410
417
419
424
530
539
595
601
665
667
672
673
674
675
676
680
681
682
683
684
685
686
687
700
701
702
703
704
705
706
707
708
712
718
719
720
721
724
726
729
730
731
733
736
737
738
742
743
744
752
767
768
769
770
781
791
795
796
814
816
852
853
862
863
864
866
867
871
872
883
896
900
902
923
932
937
938
941
942
943
945
947
951
964
967
968
970
972
974
975
976
982
1004
1005
1015
1044
1046
1047
1056
1057
1066
1068
1069
1070
1079
1081
1082
1083
1084
1092
1093
1094
1101
1102
1103
1109
1110
1111
1150
1162
1163
1175
1176
1184
1191
1202
1215
1230
1234
1247
1251
1253
1293
1294
1361
1362
1365
1367
1376
1379
1381
1387
1388
1397
1401
1413
1415
1462
1465
1497
1498
1528
1576

ATP:
31
32
46
81
103
104
105
128
129
144
145
154
171
173
174
180
200
201
202
215
217
218
232
235
243
244
262
263
266
267
276
277
278
279
295
315
344
346
347
352
362
365
383
384
386
405
411
412
414
421
433
436
461
530
539
647
648
653
654
655
657
658
662
663
666
671
688
692
695
698
711
713
714
715
716
717
722
723
727
749
753
754
785
788
793
807
809
810
823
828
829
830
843
844
885
887
888
890
905
909
910
911
929
930
931
953
966
986
987
995
996
1016
1017
1052
1055
1061
1063
1067
1073
1074
1076
1084
1085
1092
1095
1096
1097
1098
1099
1100
1109
1110
1135
1136
1137
1138
1139
1141
1143
1144
1148
1162
1163
1175
1176
1209
1210
1211
1212
1220
1240
1241
1248
1249
1256
1260
1261
1262
1263
1266
1277
1297
1299
1303
1304
1307
1312
1317
1324
1330
1331
1333
1334
1339
1342
1346
1366
1368
1373
1383
1394
1404
1405
1416
1418
1420
1426
1444
1445
1450
1451
1453
1455
1458
1477
1480
1491
1492
1496
1510
1511
1521
1529
1531
1545
1547
1548
1555
1556
1569
1570
1571
1574

